arena:
  w: 1.56
  h: 1.06
  robot_height: 0.16

camera_calibration:
  # Image resolution
  image_height: 600
  image_width: 800

  # Camera focal lenghts
  fx: 1.6874419253695607e+03
  fy: 1.6874419253695607e+03

  # Optical center expressed in pixels
  cx: 4.0890081246225242e+02
  cy: 2.0198302822113959e+02

  # Distortion coefficients
  k1: -1.3338553385859229e+00
  k2: -2.2256619990262476e+00
  k3: 1.0316833547031704e-01
  p1: -7.2704210218736817e-03
  p2: 0.0


