arena:
  w: 1.56
  h: 1.06
  robot_height: 0.16

camera_calibration:
  # Image resolution
  image_height: 600
  image_width: 800

  # Camera focal lenghts
  fx: 1.0855553312253910e+03
  fy: 1.0855553312253910e+03

  # Optical center expressed in pixels
  cx: 4.3498537711911928e+02
  cy: 2.9346116192121531e+02

  # Distortion coefficients
  k1: -2.4511434435991794e-01
  k2: -1.8061064103007338e-01
  k3: -6.0537633175725154e-03
  p1: 8.5233159156998372e-03
  p2: 0.0


